# Game Level Exporter v1.0
LIGHT
Light
<Matrix 4x4 (-0.2909, -0.0552,  0.9552, 0.0000)
            (-0.7711,  0.6045, -0.1999, 0.0000)
            (-0.5664, -0.7947, -0.2184, 0.0000)
            ( 4.0762,  5.9039,  1.0055, 1.0000)>
CAMERA
Camera
<Matrix 4x4 ( 0.6859,  0.0000,  0.7277, 0.0000)
            (-0.3240,  0.8954,  0.3054, 0.0000)
            (-0.6516, -0.4453,  0.6142, 0.0000)
            ( 7.3589,  4.9583, -6.9258, 1.0000)>
MESH
ModularFloor_Cube.000
<Matrix 4x4 (1.0000, 0.0000,  0.0000, 0.0000)
            (0.0000, 1.0000, -0.0000, 0.0000)
            (0.0000, 0.0000,  1.0000, 0.0000)
            (0.0000, 0.0000, -4.6054, 1.0000)>
MESH
ModularFloor_Cube.001
<Matrix 4x4 (1.0000, 0.0000,  0.0000, 0.0000)
            (0.0000, 1.0000, -0.0000, 0.0000)
            (0.0000, 0.0000,  1.0000, 0.0000)
            (0.0000, 0.0000, -0.5980, 1.0000)>
MESH
ModularFloor_Cube.002
<Matrix 4x4 ( 1.0000, 0.0000,  0.0000, 0.0000)
            ( 0.0000, 1.0000, -0.0000, 0.0000)
            ( 0.0000, 0.0000,  1.0000, 0.0000)
            (-2.0024, 0.0000, -0.5980, 1.0000)>
MESH
ModularFloor_Cube.003
<Matrix 4x4 ( 1.0000, 0.0000,  0.0000, 0.0000)
            ( 0.0000, 1.0000, -0.0000, 0.0000)
            ( 0.0000, 0.0000,  1.0000, 0.0000)
            (-2.0024, 0.0000, -4.6054, 1.0000)>
MESH
ModularFloor_Cube.007
<Matrix 4x4 ( 1.0000, 0.0000,  0.0000, 0.0000)
            ( 0.0000, 1.0000, -0.0000, 0.0000)
            ( 0.0000, 0.0000,  1.0000, 0.0000)
            (-4.0106, 0.0000, -4.6054, 1.0000)>
MESH
ModularFloor_Cube.008
<Matrix 4x4 ( 1.0000, 0.0000,  0.0000, 0.0000)
            ( 0.0000, 1.0000, -0.0000, 0.0000)
            ( 0.0000, 0.0000,  1.0000, 0.0000)
            (-4.0106, 0.0000, -0.5980, 1.0000)>
MESH
StoneWall_Cube.012
<Matrix 4x4 ( 1.0000, 0.0000,  0.0000, 0.0000)
            ( 0.0000, 1.0000, -0.0000, 0.0000)
            ( 0.0000, 0.0000,  1.0000, 0.0000)
            (-4.9828, 1.3425, -4.0150, 1.0000)>
MESH
StoneWall_Cube.001
<Matrix 4x4 ( 1.0000, 0.0000,  0.0000, 0.0000)
            ( 0.0000, 1.0000, -0.0000, 0.0000)
            ( 0.0000, 0.0000,  1.0000, 0.0000)
            (-4.9828, 1.3425, -1.1199, 1.0000)>
MESH
ChestBottom_Cube.001
<Matrix 4x4 ( 1.0000, 0.0000,  0.0000, 0.0000)
            ( 0.0000, 1.0000, -0.0000, 0.0000)
            ( 0.0000, 0.0000,  1.0000, 0.0000)
            (-3.5034, 0.4989,  1.7125, 1.0000)>
MESH
ChestTop_Cylinder.001
<Matrix 4x4 ( 1.2200, 0.0000,  0.0000, 0.0000)
            ( 0.0000, 1.0000, -0.0000, 0.0000)
            ( 0.0000, 0.0000,  1.0000, 0.0000)
            (-3.5034, 0.4989,  1.7115, 1.0000)>
MESH
StoneWall_top_Cube.012
<Matrix 4x4 ( 1.0000, 0.0000,  0.0000, 0.0000)
            ( 0.0000, 1.0000, -0.0000, 0.0000)
            ( 0.0000, 0.0000,  1.0000, 0.0000)
            (-4.9854, 3.3526, -4.0150, 1.0000)>
MESH
StoneWall_top_Cube.001
<Matrix 4x4 ( 1.0000, 0.0000,  0.0000, 0.0000)
            ( 0.0000, 1.0000, -0.0000, 0.0000)
            ( 0.0000, 0.0000,  1.0000, 0.0000)
            (-4.9854, 3.3526, -1.1223, 1.0000)>
MESH
ColumnBottom_Cube.009
<Matrix 4x4 ( 1.0000, 0.0000,  0.0000, 0.0000)
            ( 0.0000, 1.0000, -0.0000, 0.0000)
            ( 0.0000, 0.0000,  1.0000, 0.0000)
            (-5.4168, 0.3512, -2.5561, 1.0000)>
MESH
ModularFloor_Cube.009
<Matrix 4x4 ( 1.0000, 0.0000,  0.0000, 0.0000)
            ( 0.0000, 1.0000, -0.0000, 0.0000)
            ( 0.0000, 0.0000,  1.0000, 0.0000)
            (-4.0106, 0.0000, -2.5776, 1.0000)>
MESH
ModularFloor_Cube.010
<Matrix 4x4 ( 1.0000, 0.0000,  0.0000, 0.0000)
            ( 0.0000, 1.0000, -0.0000, 0.0000)
            ( 0.0000, 0.0000,  1.0000, 0.0000)
            (-2.0024, 0.0000, -2.5776, 1.0000)>
MESH
ModularFloor_Cube.011
<Matrix 4x4 (1.0000, 0.0000,  0.0000, 0.0000)
            (0.0000, 1.0000, -0.0000, 0.0000)
            (0.0000, 0.0000,  1.0000, 0.0000)
            (0.0000, 0.0000, -2.5776, 1.0000)>
MESH
ModularFloor_Cube.012
<Matrix 4x4 ( 1.0000, 0.0000,  0.0000, 0.0000)
            ( 0.0000, 1.0000, -0.0000, 0.0000)
            ( 0.0000, 0.0000,  1.0000, 0.0000)
            (-4.0106, 0.0000,  1.4280, 1.0000)>
MESH
ModularFloor_Cube.013
<Matrix 4x4 (1.0000, 0.0000,  0.0000, 0.0000)
            (0.0000, 1.0000, -0.0000, 0.0000)
            (0.0000, 0.0000,  1.0000, 0.0000)
            (0.0000, 0.0000,  1.4280, 1.0000)>
MESH
ModularFloor_Cube.014
<Matrix 4x4 ( 1.0000, 0.0000,  0.0000, 0.0000)
            ( 0.0000, 1.0000, -0.0000, 0.0000)
            ( 0.0000, 0.0000,  1.0000, 0.0000)
            (-2.0024, 0.0000,  1.4280, 1.0000)>
MESH
ColumnMid_Cube.008
<Matrix 4x4 ( 1.0000, 0.0000,  0.0000, 0.0000)
            ( 0.0000, 1.0000, -0.0000, 0.0000)
            ( 0.0000, 0.0000,  1.0000, 0.0000)
            (-5.4003, 0.9324, -2.5636, 1.0000)>
MESH
ColumnMid_Cube.001
<Matrix 4x4 ( 1.0000, 0.0000,  0.0000, 0.0000)
            ( 0.0000, 1.0000, -0.0000, 0.0000)
            ( 0.0000, 0.0000,  1.0000, 0.0000)
            (-5.4003, 1.4521, -2.5636, 1.0000)>
MESH
ColumnMid_Cube.002
<Matrix 4x4 ( 1.0000, 0.0000,  0.0000, 0.0000)
            ( 0.0000, 1.0000, -0.0000, 0.0000)
            ( 0.0000, 0.0000,  1.0000, 0.0000)
            (-5.4003, 1.9705, -2.5636, 1.0000)>
MESH
ColumnMid_Cube.003
<Matrix 4x4 ( 1.0000, 0.0000,  0.0000, 0.0000)
            ( 0.0000, 1.0000, -0.0000, 0.0000)
            ( 0.0000, 0.0000,  1.0000, 0.0000)
            (-5.4003, 2.4983, -2.5636, 1.0000)>
MESH
ColumnMid_Cube.004
<Matrix 4x4 ( 1.0000, 0.0000,  0.0000, 0.0000)
            ( 0.0000, 1.0000, -0.0000, 0.0000)
            ( 0.0000, 0.0000,  1.0000, 0.0000)
            (-5.4003, 3.5440, -2.5636, 1.0000)>
MESH
ColumnMid_Cube.005
<Matrix 4x4 ( 1.0000, 0.0000,  0.0000, 0.0000)
            ( 0.0000, 1.0000, -0.0000, 0.0000)
            ( 0.0000, 0.0000,  1.0000, 0.0000)
            (-5.4003, 3.0162, -2.5636, 1.0000)>
MESH
ColumnTop_Cube.010
<Matrix 4x4 ( 1.0000, 0.0000,  0.0000, 0.0000)
            ( 0.0000, 1.0000, -0.0000, 0.0000)
            ( 0.0000, 0.0000,  1.0000, 0.0000)
            (-5.4436, 4.1131, -2.5675, 1.0000)>
MESH
ModularFloor_Cube.015
<Matrix 4x4 ( 1.0000, 0.0000,  0.0000, 0.0000)
            ( 0.0000, 1.0000, -0.0000, 0.0000)
            ( 0.0000, 0.0000,  1.0000, 0.0000)
            (-8.0025, 0.0000,  1.4280, 1.0000)>
MESH
ModularFloor_Cube.016
<Matrix 4x4 ( 1.0000, 0.0000,  0.0000, 0.0000)
            ( 0.0000, 1.0000, -0.0000, 0.0000)
            ( 0.0000, 0.0000,  1.0000, 0.0000)
            (-6.0001, 0.0000,  1.4280, 1.0000)>
MESH
ModularFloor_Cube.017
<Matrix 4x4 (  1.0000, 0.0000,  0.0000, 0.0000)
            (  0.0000, 1.0000, -0.0000, 0.0000)
            (  0.0000, 0.0000,  1.0000, 0.0000)
            (-10.0107, 0.0000,  1.4280, 1.0000)>
MESH
ModularFloor_Cube.018
<Matrix 4x4 ( 1.0000, 0.0000,  0.0000, 0.0000)
            ( 0.0000, 1.0000, -0.0000, 0.0000)
            ( 0.0000, 0.0000,  1.0000, 0.0000)
            (-6.0001, 0.0000, -2.5776, 1.0000)>
MESH
ModularFloor_Cube.019
<Matrix 4x4 ( 1.0000, 0.0000,  0.0000, 0.0000)
            ( 0.0000, 1.0000, -0.0000, 0.0000)
            ( 0.0000, 0.0000,  1.0000, 0.0000)
            (-8.0025, 0.0000, -2.5776, 1.0000)>
MESH
ModularFloor_Cube.020
<Matrix 4x4 (  1.0000, 0.0000,  0.0000, 0.0000)
            (  0.0000, 1.0000, -0.0000, 0.0000)
            (  0.0000, 0.0000,  1.0000, 0.0000)
            (-10.0107, 0.0000, -2.5776, 1.0000)>
MESH
ModularFloor_Cube.021
<Matrix 4x4 (  1.0000, 0.0000,  0.0000, 0.0000)
            (  0.0000, 1.0000, -0.0000, 0.0000)
            (  0.0000, 0.0000,  1.0000, 0.0000)
            (-10.0107, 0.0000, -0.5980, 1.0000)>
MESH
ModularFloor_Cube.022
<Matrix 4x4 (  1.0000, 0.0000,  0.0000, 0.0000)
            (  0.0000, 1.0000, -0.0000, 0.0000)
            (  0.0000, 0.0000,  1.0000, 0.0000)
            (-10.0107, 0.0000, -4.6054, 1.0000)>
MESH
ModularFloor_Cube.023
<Matrix 4x4 ( 1.0000, 0.0000,  0.0000, 0.0000)
            ( 0.0000, 1.0000, -0.0000, 0.0000)
            ( 0.0000, 0.0000,  1.0000, 0.0000)
            (-8.0025, 0.0000, -4.6054, 1.0000)>
MESH
ModularFloor_Cube.024
<Matrix 4x4 ( 1.0000, 0.0000,  0.0000, 0.0000)
            ( 0.0000, 1.0000, -0.0000, 0.0000)
            ( 0.0000, 0.0000,  1.0000, 0.0000)
            (-8.0025, 0.0000, -0.5980, 1.0000)>
MESH
ModularFloor_Cube.025
<Matrix 4x4 ( 1.0000, 0.0000,  0.0000, 0.0000)
            ( 0.0000, 1.0000, -0.0000, 0.0000)
            ( 0.0000, 0.0000,  1.0000, 0.0000)
            (-6.0001, 0.0000, -0.5980, 1.0000)>
MESH
ModularFloor_Cube.026
<Matrix 4x4 ( 1.0000, 0.0000,  0.0000, 0.0000)
            ( 0.0000, 1.0000, -0.0000, 0.0000)
            ( 0.0000, 0.0000,  1.0000, 0.0000)
            (-6.0001, 0.0000, -4.6054, 1.0000)>
MESH
ModularFloor_Cube.027
<Matrix 4x4 (1.0000, 0.0000,  0.0000, 0.0000)
            (0.0000, 1.0000, -0.0000, 0.0000)
            (0.0000, 0.0000,  1.0000, 0.0000)
            (6.0076, 0.0000, -4.6054, 1.0000)>
MESH
ModularFloor_Cube.028
<Matrix 4x4 (1.0000, 0.0000,  0.0000, 0.0000)
            (0.0000, 1.0000, -0.0000, 0.0000)
            (0.0000, 0.0000,  1.0000, 0.0000)
            (6.0076, 0.0000, -0.5980, 1.0000)>
MESH
ModularFloor_Cube.029
<Matrix 4x4 (1.0000, 0.0000,  0.0000, 0.0000)
            (0.0000, 1.0000, -0.0000, 0.0000)
            (0.0000, 0.0000,  1.0000, 0.0000)
            (4.0052, 0.0000, -0.5980, 1.0000)>
MESH
ModularFloor_Cube.030
<Matrix 4x4 (1.0000, 0.0000,  0.0000, 0.0000)
            (0.0000, 1.0000, -0.0000, 0.0000)
            (0.0000, 0.0000,  1.0000, 0.0000)
            (4.0052, 0.0000, -4.6054, 1.0000)>
MESH
ModularFloor_Cube.031
<Matrix 4x4 (1.0000, 0.0000,  0.0000, 0.0000)
            (0.0000, 1.0000, -0.0000, 0.0000)
            (0.0000, 0.0000,  1.0000, 0.0000)
            (1.9970, 0.0000, -4.6054, 1.0000)>
MESH
ModularFloor_Cube.032
<Matrix 4x4 (1.0000, 0.0000,  0.0000, 0.0000)
            (0.0000, 1.0000, -0.0000, 0.0000)
            (0.0000, 0.0000,  1.0000, 0.0000)
            (1.9970, 0.0000, -0.5980, 1.0000)>
MESH
ModularFloor_Cube.033
<Matrix 4x4 (1.0000, 0.0000,  0.0000, 0.0000)
            (0.0000, 1.0000, -0.0000, 0.0000)
            (0.0000, 0.0000,  1.0000, 0.0000)
            (1.9970, 0.0000, -2.5776, 1.0000)>
MESH
ModularFloor_Cube.034
<Matrix 4x4 (1.0000, 0.0000,  0.0000, 0.0000)
            (0.0000, 1.0000, -0.0000, 0.0000)
            (0.0000, 0.0000,  1.0000, 0.0000)
            (4.0052, 0.0000, -2.5776, 1.0000)>
MESH
ModularFloor_Cube.035
<Matrix 4x4 (1.0000, 0.0000,  0.0000, 0.0000)
            (0.0000, 1.0000, -0.0000, 0.0000)
            (0.0000, 0.0000,  1.0000, 0.0000)
            (6.0076, 0.0000, -2.5776, 1.0000)>
MESH
ModularFloor_Cube.036
<Matrix 4x4 (1.0000, 0.0000,  0.0000, 0.0000)
            (0.0000, 1.0000, -0.0000, 0.0000)
            (0.0000, 0.0000,  1.0000, 0.0000)
            (1.9970, 0.0000,  1.4280, 1.0000)>
MESH
ModularFloor_Cube.037
<Matrix 4x4 (1.0000, 0.0000,  0.0000, 0.0000)
            (0.0000, 1.0000, -0.0000, 0.0000)
            (0.0000, 0.0000,  1.0000, 0.0000)
            (6.0076, 0.0000,  1.4280, 1.0000)>
MESH
ModularFloor_Cube.038
<Matrix 4x4 (1.0000, 0.0000,  0.0000, 0.0000)
            (0.0000, 1.0000, -0.0000, 0.0000)
            (0.0000, 0.0000,  1.0000, 0.0000)
            (4.0052, 0.0000,  1.4280, 1.0000)>
MESH
ColumnTop_Cube.001
<Matrix 4x4 ( 1.0000, 0.0000,  0.0000, 0.0000)
            ( 0.0000, 1.0000, -0.0000, 0.0000)
            ( 0.0000, 0.0000,  1.0000, 0.0000)
            (-5.4436, 4.1131,  0.3173, 1.0000)>
MESH
ColumnMid_Cube.006
<Matrix 4x4 ( 1.0000, 0.0000,  0.0000, 0.0000)
            ( 0.0000, 1.0000, -0.0000, 0.0000)
            ( 0.0000, 0.0000,  1.0000, 0.0000)
            (-5.4003, 0.9324,  0.3212, 1.0000)>
MESH
ColumnMid_Cube.007
<Matrix 4x4 ( 1.0000, 0.0000,  0.0000, 0.0000)
            ( 0.0000, 1.0000, -0.0000, 0.0000)
            ( 0.0000, 0.0000,  1.0000, 0.0000)
            (-5.4003, 3.0162,  0.3212, 1.0000)>
MESH
ColumnMid_Cube.009
<Matrix 4x4 ( 1.0000, 0.0000,  0.0000, 0.0000)
            ( 0.0000, 1.0000, -0.0000, 0.0000)
            ( 0.0000, 0.0000,  1.0000, 0.0000)
            (-5.4003, 3.5440,  0.3212, 1.0000)>
MESH
ColumnMid_Cube.010
<Matrix 4x4 ( 1.0000, 0.0000,  0.0000, 0.0000)
            ( 0.0000, 1.0000, -0.0000, 0.0000)
            ( 0.0000, 0.0000,  1.0000, 0.0000)
            (-5.4003, 2.4983,  0.3212, 1.0000)>
MESH
ColumnMid_Cube.011
<Matrix 4x4 ( 1.0000, 0.0000,  0.0000, 0.0000)
            ( 0.0000, 1.0000, -0.0000, 0.0000)
            ( 0.0000, 0.0000,  1.0000, 0.0000)
            (-5.4003, 1.9705,  0.3212, 1.0000)>
MESH
ColumnMid_Cube.012
<Matrix 4x4 ( 1.0000, 0.0000,  0.0000, 0.0000)
            ( 0.0000, 1.0000, -0.0000, 0.0000)
            ( 0.0000, 0.0000,  1.0000, 0.0000)
            (-5.4003, 1.4521,  0.3212, 1.0000)>
MESH
ColumnBottom_Cube.001
<Matrix 4x4 ( 1.0000, 0.0000,  0.0000, 0.0000)
            ( 0.0000, 1.0000, -0.0000, 0.0000)
            ( 0.0000, 0.0000,  1.0000, 0.0000)
            (-5.4168, 0.3512,  0.3288, 1.0000)>
MESH
StoneWall_top_Cube.009
<Matrix 4x4 ( 1.0000, 0.0000,  0.0000, 0.0000)
            ( 0.0000, 1.0000, -0.0000, 0.0000)
            ( 0.0000, 0.0000,  1.0000, 0.0000)
            (-4.9854, 3.3526,  1.7628, 1.0000)>
MESH
StoneWall_Cube.009
<Matrix 4x4 ( 1.0000, 0.0000,  0.0000, 0.0000)
            ( 0.0000, 1.0000, -0.0000, 0.0000)
            ( 0.0000, 0.0000,  1.0000, 0.0000)
            (-4.9828, 1.3425,  1.7305, 1.0000)>
MESH
ModularFloor_Cube.039
<Matrix 4x4 (1.0000, 0.0000,  0.0000, 0.0000)
            (0.0000, 1.0000, -0.0000, 0.0000)
            (0.0000, 0.0000,  1.0000, 0.0000)
            (4.0052, 0.0000,  9.4288, 1.0000)>
MESH
ModularFloor_Cube.040
<Matrix 4x4 (1.0000, 0.0000,  0.0000, 0.0000)
            (0.0000, 1.0000, -0.0000, 0.0000)
            (0.0000, 0.0000,  1.0000, 0.0000)
            (6.0076, 0.0000,  9.4288, 1.0000)>
MESH
ModularFloor_Cube.041
<Matrix 4x4 (1.0000, 0.0000,  0.0000, 0.0000)
            (0.0000, 1.0000, -0.0000, 0.0000)
            (0.0000, 0.0000,  1.0000, 0.0000)
            (1.9970, 0.0000,  9.4288, 1.0000)>
MESH
ModularFloor_Cube.042
<Matrix 4x4 (1.0000, 0.0000,  0.0000, 0.0000)
            (0.0000, 1.0000, -0.0000, 0.0000)
            (0.0000, 0.0000,  1.0000, 0.0000)
            (6.0076, 0.0000,  5.4231, 1.0000)>
MESH
ModularFloor_Cube.043
<Matrix 4x4 (1.0000, 0.0000,  0.0000, 0.0000)
            (0.0000, 1.0000, -0.0000, 0.0000)
            (0.0000, 0.0000,  1.0000, 0.0000)
            (4.0052, 0.0000,  5.4231, 1.0000)>
MESH
ModularFloor_Cube.044
<Matrix 4x4 (1.0000, 0.0000,  0.0000, 0.0000)
            (0.0000, 1.0000, -0.0000, 0.0000)
            (0.0000, 0.0000,  1.0000, 0.0000)
            (1.9970, 0.0000,  5.4231, 1.0000)>
MESH
ModularFloor_Cube.045
<Matrix 4x4 (1.0000, 0.0000,  0.0000, 0.0000)
            (0.0000, 1.0000, -0.0000, 0.0000)
            (0.0000, 0.0000,  1.0000, 0.0000)
            (1.9970, 0.0000,  7.4028, 1.0000)>
MESH
ModularFloor_Cube.046
<Matrix 4x4 (1.0000, 0.0000,  0.0000, 0.0000)
            (0.0000, 1.0000, -0.0000, 0.0000)
            (0.0000, 0.0000,  1.0000, 0.0000)
            (1.9970, 0.0000,  3.3954, 1.0000)>
MESH
ModularFloor_Cube.047
<Matrix 4x4 (1.0000, 0.0000,  0.0000, 0.0000)
            (0.0000, 1.0000, -0.0000, 0.0000)
            (0.0000, 0.0000,  1.0000, 0.0000)
            (4.0052, 0.0000,  3.3954, 1.0000)>
MESH
ModularFloor_Cube.048
<Matrix 4x4 (1.0000, 0.0000,  0.0000, 0.0000)
            (0.0000, 1.0000, -0.0000, 0.0000)
            (0.0000, 0.0000,  1.0000, 0.0000)
            (4.0052, 0.0000,  7.4028, 1.0000)>
MESH
ModularFloor_Cube.049
<Matrix 4x4 (1.0000, 0.0000,  0.0000, 0.0000)
            (0.0000, 1.0000, -0.0000, 0.0000)
            (0.0000, 0.0000,  1.0000, 0.0000)
            (6.0076, 0.0000,  7.4028, 1.0000)>
MESH
ModularFloor_Cube.050
<Matrix 4x4 (1.0000, 0.0000,  0.0000, 0.0000)
            (0.0000, 1.0000, -0.0000, 0.0000)
            (0.0000, 0.0000,  1.0000, 0.0000)
            (6.0076, 0.0000,  3.3954, 1.0000)>
MESH
ModularFloor_Cube.051
<Matrix 4x4 ( 1.0000, 0.0000,  0.0000, 0.0000)
            ( 0.0000, 1.0000, -0.0000, 0.0000)
            ( 0.0000, 0.0000,  1.0000, 0.0000)
            (-6.0001, 0.0000,  3.3954, 1.0000)>
MESH
ModularFloor_Cube.052
<Matrix 4x4 ( 1.0000, 0.0000,  0.0000, 0.0000)
            ( 0.0000, 1.0000, -0.0000, 0.0000)
            ( 0.0000, 0.0000,  1.0000, 0.0000)
            (-6.0001, 0.0000,  7.4028, 1.0000)>
MESH
ModularFloor_Cube.053
<Matrix 4x4 ( 1.0000, 0.0000,  0.0000, 0.0000)
            ( 0.0000, 1.0000, -0.0000, 0.0000)
            ( 0.0000, 0.0000,  1.0000, 0.0000)
            (-8.0025, 0.0000,  7.4028, 1.0000)>
MESH
ModularFloor_Cube.054
<Matrix 4x4 ( 1.0000, 0.0000,  0.0000, 0.0000)
            ( 0.0000, 1.0000, -0.0000, 0.0000)
            ( 0.0000, 0.0000,  1.0000, 0.0000)
            (-8.0025, 0.0000,  3.3954, 1.0000)>
MESH
ModularFloor_Cube.055
<Matrix 4x4 (  1.0000, 0.0000,  0.0000, 0.0000)
            (  0.0000, 1.0000, -0.0000, 0.0000)
            (  0.0000, 0.0000,  1.0000, 0.0000)
            (-10.0107, 0.0000,  3.3954, 1.0000)>
MESH
ModularFloor_Cube.056
<Matrix 4x4 (  1.0000, 0.0000,  0.0000, 0.0000)
            (  0.0000, 1.0000, -0.0000, 0.0000)
            (  0.0000, 0.0000,  1.0000, 0.0000)
            (-10.0107, 0.0000,  7.4028, 1.0000)>
MESH
ModularFloor_Cube.057
<Matrix 4x4 (  1.0000, 0.0000,  0.0000, 0.0000)
            (  0.0000, 1.0000, -0.0000, 0.0000)
            (  0.0000, 0.0000,  1.0000, 0.0000)
            (-10.0107, 0.0000,  5.4231, 1.0000)>
MESH
ModularFloor_Cube.058
<Matrix 4x4 ( 1.0000, 0.0000,  0.0000, 0.0000)
            ( 0.0000, 1.0000, -0.0000, 0.0000)
            ( 0.0000, 0.0000,  1.0000, 0.0000)
            (-8.0025, 0.0000,  5.4231, 1.0000)>
MESH
ModularFloor_Cube.059
<Matrix 4x4 ( 1.0000, 0.0000,  0.0000, 0.0000)
            ( 0.0000, 1.0000, -0.0000, 0.0000)
            ( 0.0000, 0.0000,  1.0000, 0.0000)
            (-6.0001, 0.0000,  5.4231, 1.0000)>
MESH
ModularFloor_Cube.060
<Matrix 4x4 (  1.0000, 0.0000,  0.0000, 0.0000)
            (  0.0000, 1.0000, -0.0000, 0.0000)
            (  0.0000, 0.0000,  1.0000, 0.0000)
            (-10.0107, 0.0000,  9.4288, 1.0000)>
MESH
ModularFloor_Cube.061
<Matrix 4x4 ( 1.0000, 0.0000,  0.0000, 0.0000)
            ( 0.0000, 1.0000, -0.0000, 0.0000)
            ( 0.0000, 0.0000,  1.0000, 0.0000)
            (-6.0001, 0.0000,  9.4288, 1.0000)>
MESH
ModularFloor_Cube.062
<Matrix 4x4 ( 1.0000, 0.0000,  0.0000, 0.0000)
            ( 0.0000, 1.0000, -0.0000, 0.0000)
            ( 0.0000, 0.0000,  1.0000, 0.0000)
            (-8.0025, 0.0000,  9.4288, 1.0000)>
MESH
ModularFloor_Cube.063
<Matrix 4x4 ( 1.0000, 0.0000,  0.0000, 0.0000)
            ( 0.0000, 1.0000, -0.0000, 0.0000)
            ( 0.0000, 0.0000,  1.0000, 0.0000)
            (-2.0024, 0.0000,  9.4288, 1.0000)>
MESH
ModularFloor_Cube.064
<Matrix 4x4 (1.0000, 0.0000,  0.0000, 0.0000)
            (0.0000, 1.0000, -0.0000, 0.0000)
            (0.0000, 0.0000,  1.0000, 0.0000)
            (0.0000, 0.0000,  9.4288, 1.0000)>
MESH
ModularFloor_Cube.065
<Matrix 4x4 ( 1.0000, 0.0000,  0.0000, 0.0000)
            ( 0.0000, 1.0000, -0.0000, 0.0000)
            ( 0.0000, 0.0000,  1.0000, 0.0000)
            (-4.0106, 0.0000,  9.4288, 1.0000)>
MESH
ModularFloor_Cube.066
<Matrix 4x4 (1.0000, 0.0000,  0.0000, 0.0000)
            (0.0000, 1.0000, -0.0000, 0.0000)
            (0.0000, 0.0000,  1.0000, 0.0000)
            (0.0000, 0.0000,  5.4231, 1.0000)>
MESH
ModularFloor_Cube.067
<Matrix 4x4 ( 1.0000, 0.0000,  0.0000, 0.0000)
            ( 0.0000, 1.0000, -0.0000, 0.0000)
            ( 0.0000, 0.0000,  1.0000, 0.0000)
            (-2.0024, 0.0000,  5.4231, 1.0000)>
MESH
ModularFloor_Cube.068
<Matrix 4x4 ( 1.0000, 0.0000,  0.0000, 0.0000)
            ( 0.0000, 1.0000, -0.0000, 0.0000)
            ( 0.0000, 0.0000,  1.0000, 0.0000)
            (-4.0106, 0.0000,  5.4231, 1.0000)>
MESH
ModularFloor_Cube.069
<Matrix 4x4 ( 1.0000, 0.0000,  0.0000, 0.0000)
            ( 0.0000, 1.0000, -0.0000, 0.0000)
            ( 0.0000, 0.0000,  1.0000, 0.0000)
            (-4.0106, 0.0000,  7.4028, 1.0000)>
MESH
ModularFloor_Cube.070
<Matrix 4x4 ( 1.0000, 0.0000,  0.0000, 0.0000)
            ( 0.0000, 1.0000, -0.0000, 0.0000)
            ( 0.0000, 0.0000,  1.0000, 0.0000)
            (-4.0106, 0.0000,  3.3954, 1.0000)>
MESH
ModularFloor_Cube.071
<Matrix 4x4 ( 1.0000, 0.0000,  0.0000, 0.0000)
            ( 0.0000, 1.0000, -0.0000, 0.0000)
            ( 0.0000, 0.0000,  1.0000, 0.0000)
            (-2.0024, 0.0000,  3.3954, 1.0000)>
MESH
ModularFloor_Cube.072
<Matrix 4x4 ( 1.0000, 0.0000,  0.0000, 0.0000)
            ( 0.0000, 1.0000, -0.0000, 0.0000)
            ( 0.0000, 0.0000,  1.0000, 0.0000)
            (-2.0024, 0.0000,  7.4028, 1.0000)>
MESH
ModularFloor_Cube.073
<Matrix 4x4 (1.0000, 0.0000,  0.0000, 0.0000)
            (0.0000, 1.0000, -0.0000, 0.0000)
            (0.0000, 0.0000,  1.0000, 0.0000)
            (0.0000, 0.0000,  7.4028, 1.0000)>
MESH
ModularFloor_Cube.074
<Matrix 4x4 (1.0000, 0.0000,  0.0000, 0.0000)
            (0.0000, 1.0000, -0.0000, 0.0000)
            (0.0000, 0.0000,  1.0000, 0.0000)
            (0.0000, 0.0000,  3.3954, 1.0000)>
MESH
StoneWall_top_Cube.002
<Matrix 4x4 ( 1.0000, 0.0000,  0.0000, 0.0000)
            ( 0.0000, 1.0000, -0.0000, 0.0000)
            ( 0.0000, 0.0000,  1.0000, 0.0000)
            (-5.0599, 3.3526,  4.5895, 1.0000)>
MESH
StoneWall_Cube.002
<Matrix 4x4 ( 1.0000, 0.0000,  0.0000, 0.0000)
            ( 0.0000, 1.0000, -0.0000, 0.0000)
            ( 0.0000, 0.0000,  1.0000, 0.0000)
            (-5.0573, 1.3425,  4.5572, 1.0000)>
MESH
ColumnTop_Cube.002
<Matrix 4x4 ( 1.0000, 0.0000,  0.0000, 0.0000)
            ( 0.0000, 1.0000, -0.0000, 0.0000)
            ( 0.0000, 0.0000,  1.0000, 0.0000)
            (-5.4436, 4.1131,  3.1767, 1.0000)>
MESH
ColumnMid_Cube.013
<Matrix 4x4 ( 1.0000, 0.0000,  0.0000, 0.0000)
            ( 0.0000, 1.0000, -0.0000, 0.0000)
            ( 0.0000, 0.0000,  1.0000, 0.0000)
            (-5.4003, 1.4521,  3.1806, 1.0000)>
MESH
ColumnMid_Cube.014
<Matrix 4x4 ( 1.0000, 0.0000,  0.0000, 0.0000)
            ( 0.0000, 1.0000, -0.0000, 0.0000)
            ( 0.0000, 0.0000,  1.0000, 0.0000)
            (-5.4003, 1.9705,  3.1806, 1.0000)>
MESH
ColumnMid_Cube.015
<Matrix 4x4 ( 1.0000, 0.0000,  0.0000, 0.0000)
            ( 0.0000, 1.0000, -0.0000, 0.0000)
            ( 0.0000, 0.0000,  1.0000, 0.0000)
            (-5.4003, 2.4983,  3.1806, 1.0000)>
MESH
ColumnMid_Cube.016
<Matrix 4x4 ( 1.0000, 0.0000,  0.0000, 0.0000)
            ( 0.0000, 1.0000, -0.0000, 0.0000)
            ( 0.0000, 0.0000,  1.0000, 0.0000)
            (-5.4003, 3.5440,  3.1806, 1.0000)>
MESH
ColumnMid_Cube.017
<Matrix 4x4 ( 1.0000, 0.0000,  0.0000, 0.0000)
            ( 0.0000, 1.0000, -0.0000, 0.0000)
            ( 0.0000, 0.0000,  1.0000, 0.0000)
            (-5.4003, 3.0162,  3.1806, 1.0000)>
MESH
ColumnMid_Cube.018
<Matrix 4x4 ( 1.0000, 0.0000,  0.0000, 0.0000)
            ( 0.0000, 1.0000, -0.0000, 0.0000)
            ( 0.0000, 0.0000,  1.0000, 0.0000)
            (-5.4003, 0.9324,  3.1806, 1.0000)>
MESH
ColumnBottom_Cube.002
<Matrix 4x4 ( 1.0000, 0.0000,  0.0000, 0.0000)
            ( 0.0000, 1.0000, -0.0000, 0.0000)
            ( 0.0000, 0.0000,  1.0000, 0.0000)
            (-5.4168, 0.3512,  3.1882, 1.0000)>
MESH
StoneWall_top_Cube.003
<Matrix 4x4 ( 0.0022, 0.0000, -1.0000, 0.0000)
            (-0.0000, 1.0000, -0.0000, 0.0000)
            ( 1.0000, 0.0000,  0.0022, 0.0000)
            (-3.9948, 3.3526,  3.6765, 1.0000)>
MESH
StoneWall_Cube.003
<Matrix 4x4 ( 0.0022, 0.0000, -1.0000, 0.0000)
            (-0.0000, 1.0000, -0.0000, 0.0000)
            ( 1.0000, 0.0000,  0.0022, 0.0000)
            (-4.0271, 1.3425,  3.6738, 1.0000)>
MESH
ColumnTop_Cube.003
<Matrix 4x4 ( 0.0057, 0.0000, -1.0000, 0.0000)
            (-0.0000, 1.0000, -0.0000, 0.0000)
            ( 1.0000, 0.0000,  0.0057, 0.0000)
            (-2.5823, 4.1131,  4.1584, 1.0000)>
MESH
ColumnMid_Cube.019
<Matrix 4x4 ( 0.0057, 0.0000, -1.0000, 0.0000)
            (-0.0000, 1.0000, -0.0000, 0.0000)
            ( 1.0000, 0.0000,  0.0057, 0.0000)
            (-2.5781, 0.9324,  4.1152, 1.0000)>
MESH
ColumnMid_Cube.020
<Matrix 4x4 ( 0.0057, 0.0000, -1.0000, 0.0000)
            (-0.0000, 1.0000, -0.0000, 0.0000)
            ( 1.0000, 0.0000,  0.0057, 0.0000)
            (-2.5781, 3.0162,  4.1152, 1.0000)>
MESH
ColumnMid_Cube.021
<Matrix 4x4 ( 0.0057, 0.0000, -1.0000, 0.0000)
            (-0.0000, 1.0000, -0.0000, 0.0000)
            ( 1.0000, 0.0000,  0.0057, 0.0000)
            (-2.5781, 3.5440,  4.1152, 1.0000)>
MESH
ColumnMid_Cube.022
<Matrix 4x4 ( 0.0057, 0.0000, -1.0000, 0.0000)
            (-0.0000, 1.0000, -0.0000, 0.0000)
            ( 1.0000, 0.0000,  0.0057, 0.0000)
            (-2.5781, 2.4983,  4.1152, 1.0000)>
MESH
ColumnMid_Cube.023
<Matrix 4x4 ( 0.0057, 0.0000, -1.0000, 0.0000)
            (-0.0000, 1.0000, -0.0000, 0.0000)
            ( 1.0000, 0.0000,  0.0057, 0.0000)
            (-2.5781, 1.9705,  4.1152, 1.0000)>
MESH
ColumnMid_Cube.024
<Matrix 4x4 ( 0.0057, 0.0000, -1.0000, 0.0000)
            (-0.0000, 1.0000, -0.0000, 0.0000)
            ( 1.0000, 0.0000,  0.0057, 0.0000)
            (-2.5781, 1.4521,  4.1152, 1.0000)>
MESH
ColumnBottom_Cube.003
<Matrix 4x4 ( 0.0057, 0.0000, -1.0000, 0.0000)
            (-0.0000, 1.0000, -0.0000, 0.0000)
            ( 1.0000, 0.0000,  0.0057, 0.0000)
            (-2.5707, 0.3512,  4.1317, 1.0000)>
MESH
StoneWall_top_Cube.004
<Matrix 4x4 ( 0.0022, 0.0000, -1.0000, 0.0000)
            (-0.0000, 1.0000, -0.0000, 0.0000)
            ( 1.0000, 0.0000,  0.0022, 0.0000)
            (-1.1394, 3.3526,  3.6765, 1.0000)>
MESH
StoneWall_Cube.004
<Matrix 4x4 ( 0.0022, 0.0000, -1.0000, 0.0000)
            (-0.0000, 1.0000, -0.0000, 0.0000)
            ( 1.0000, 0.0000,  0.0022, 0.0000)
            (-1.1716, 1.3425,  3.6738, 1.0000)>
MESH
ColumnTop_Cube.004
<Matrix 4x4 ( 0.0057, 0.0000, -1.0000, 0.0000)
            (-0.0000, 1.0000, -0.0000, 0.0000)
            ( 1.0000, 0.0000,  0.0057, 0.0000)
            ( 0.2731, 4.1131,  4.1584, 1.0000)>
MESH
ColumnMid_Cube.025
<Matrix 4x4 ( 0.0057, 0.0000, -1.0000, 0.0000)
            (-0.0000, 1.0000, -0.0000, 0.0000)
            ( 1.0000, 0.0000,  0.0057, 0.0000)
            ( 0.2773, 1.4521,  4.1152, 1.0000)>
MESH
ColumnMid_Cube.026
<Matrix 4x4 ( 0.0057, 0.0000, -1.0000, 0.0000)
            (-0.0000, 1.0000, -0.0000, 0.0000)
            ( 1.0000, 0.0000,  0.0057, 0.0000)
            ( 0.2773, 1.9705,  4.1152, 1.0000)>
MESH
ColumnMid_Cube.027
<Matrix 4x4 ( 0.0057, 0.0000, -1.0000, 0.0000)
            (-0.0000, 1.0000, -0.0000, 0.0000)
            ( 1.0000, 0.0000,  0.0057, 0.0000)
            ( 0.2773, 2.4983,  4.1152, 1.0000)>
MESH
ColumnMid_Cube.028
<Matrix 4x4 ( 0.0057, 0.0000, -1.0000, 0.0000)
            (-0.0000, 1.0000, -0.0000, 0.0000)
            ( 1.0000, 0.0000,  0.0057, 0.0000)
            ( 0.2773, 3.5440,  4.1152, 1.0000)>
MESH
ColumnMid_Cube.029
<Matrix 4x4 ( 0.0057, 0.0000, -1.0000, 0.0000)
            (-0.0000, 1.0000, -0.0000, 0.0000)
            ( 1.0000, 0.0000,  0.0057, 0.0000)
            ( 0.2773, 3.0162,  4.1152, 1.0000)>
MESH
ColumnMid_Cube.030
<Matrix 4x4 ( 0.0057, 0.0000, -1.0000, 0.0000)
            (-0.0000, 1.0000, -0.0000, 0.0000)
            ( 1.0000, 0.0000,  0.0057, 0.0000)
            ( 0.2773, 0.9324,  4.1152, 1.0000)>
MESH
ColumnBottom_Cube.004
<Matrix 4x4 ( 0.0057, 0.0000, -1.0000, 0.0000)
            (-0.0000, 1.0000, -0.0000, 0.0000)
            ( 1.0000, 0.0000,  0.0057, 0.0000)
            ( 0.2847, 0.3512,  4.1317, 1.0000)>
MESH
StoneWall_top_Cube.005
<Matrix 4x4 ( 0.0022, 0.0000, -1.0000, 0.0000)
            (-0.0000, 1.0000, -0.0000, 0.0000)
            ( 1.0000, 0.0000,  0.0022, 0.0000)
            ( 1.7388, 3.3526,  3.6765, 1.0000)>
MESH
StoneWall_Cube.005
<Matrix 4x4 ( 0.0022, 0.0000, -1.0000, 0.0000)
            (-0.0000, 1.0000, -0.0000, 0.0000)
            ( 1.0000, 0.0000,  0.0022, 0.0000)
            ( 1.7066, 1.3425,  3.6738, 1.0000)>
MESH
ColumnTop_Cube.005
<Matrix 4x4 ( 0.0057, 0.0000, -1.0000, 0.0000)
            (-0.0000, 1.0000, -0.0000, 0.0000)
            ( 1.0000, 0.0000,  0.0057, 0.0000)
            ( 3.1513, 4.1131,  4.1584, 1.0000)>
MESH
ColumnMid_Cube.031
<Matrix 4x4 ( 0.0057, 0.0000, -1.0000, 0.0000)
            (-0.0000, 1.0000, -0.0000, 0.0000)
            ( 1.0000, 0.0000,  0.0057, 0.0000)
            ( 3.1555, 0.9324,  4.1152, 1.0000)>
MESH
ColumnMid_Cube.032
<Matrix 4x4 ( 0.0057, 0.0000, -1.0000, 0.0000)
            (-0.0000, 1.0000, -0.0000, 0.0000)
            ( 1.0000, 0.0000,  0.0057, 0.0000)
            ( 3.1555, 3.0162,  4.1152, 1.0000)>
MESH
ColumnMid_Cube.033
<Matrix 4x4 ( 0.0057, 0.0000, -1.0000, 0.0000)
            (-0.0000, 1.0000, -0.0000, 0.0000)
            ( 1.0000, 0.0000,  0.0057, 0.0000)
            ( 3.1555, 3.5440,  4.1152, 1.0000)>
MESH
ColumnMid_Cube.034
<Matrix 4x4 ( 0.0057, 0.0000, -1.0000, 0.0000)
            (-0.0000, 1.0000, -0.0000, 0.0000)
            ( 1.0000, 0.0000,  0.0057, 0.0000)
            ( 3.1555, 2.4983,  4.1152, 1.0000)>
MESH
ColumnMid_Cube.035
<Matrix 4x4 ( 0.0057, 0.0000, -1.0000, 0.0000)
            (-0.0000, 1.0000, -0.0000, 0.0000)
            ( 1.0000, 0.0000,  0.0057, 0.0000)
            ( 3.1555, 1.9705,  4.1152, 1.0000)>
MESH
ColumnMid_Cube.036
<Matrix 4x4 ( 0.0057, 0.0000, -1.0000, 0.0000)
            (-0.0000, 1.0000, -0.0000, 0.0000)
            ( 1.0000, 0.0000,  0.0057, 0.0000)
            ( 3.1555, 1.4521,  4.1152, 1.0000)>
MESH
ColumnBottom_Cube.005
<Matrix 4x4 ( 0.0057, 0.0000, -1.0000, 0.0000)
            (-0.0000, 1.0000, -0.0000, 0.0000)
            ( 1.0000, 0.0000,  0.0057, 0.0000)
            ( 3.1630, 0.3512,  4.1317, 1.0000)>
MESH
Torch_Cube.000
<Matrix 4x4 ( 0.9439, 0.0000,  0.0000, 0.0000)
            ( 0.0000, 0.7032, -0.0000, 0.0000)
            ( 0.0000, 0.0000,  0.8643, 0.0000)
            (-4.9710, 3.3079,  0.3372, 1.0000)>
MESH
Torch_Cube.001
<Matrix 4x4 ( 0.9439, 0.0000,  0.0000, 0.0000)
            ( 0.0000, 0.7032, -0.0000, 0.0000)
            ( 0.0000, 0.0000,  0.8643, 0.0000)
            (-4.9710, 3.3079, -2.5931, 1.0000)>
MESH
Torch_Cube.002
<Matrix 4x4 ( 0.9439, 0.0000,  0.0000, 0.0000)
            ( 0.0000, 0.7032, -0.0000, 0.0000)
            ( 0.0000, 0.0000,  0.8643, 0.0000)
            (-4.9710, 3.3079,  3.1859, 1.0000)>
MESH
Window_Cube.002
<Matrix 4x4 (-0.0016, 0.0000, -1.0000, 0.0000)
            (-0.0000, 1.0000,  0.0000, 0.0000)
            ( 1.0000, 0.0000, -0.0016, 0.0000)
            (-1.1680, 2.7644,  3.9597, 1.0000)>
MESH
Carpet_Cube.014
<Matrix 4x4 (-0.0062, 0.0000, -1.0000, 0.0000)
            (-0.0000, 1.0000,  0.0000, 0.0000)
            ( 1.0000, 0.0000, -0.0062, 0.0000)
            (-1.3825, 0.3674,  0.2635, 1.0000)>
MESH
BonePile2_Cylinder.005
<Matrix 4x4 ( 0.7462, 0.0000, -0.6657, 0.0000)
            (-0.0000, 1.0000, -0.0000, 0.0000)
            ( 0.6657, 0.0000,  0.7462, 0.0000)
            (-0.5846, 0.4134,  2.2738, 1.0000)>
MESH
Book_Open_Cube.021
<Matrix 4x4 ( 0.3920, 0.0000,  0.3104, 0.0000)
            ( 0.0000, 0.5000, -0.0000, 0.0000)
            (-0.3104, 0.0000,  0.3920, 0.0000)
            (-1.7858, 0.4884,  0.5161, 1.0000)>
MESH
Candle_Cylinder.001
<Matrix 4x4 ( 1.0000, 0.0000,  0.0000, 0.0000)
            ( 0.0000, 1.0000, -0.0000, 0.0000)
            ( 0.0000, 0.0000,  1.0000, 0.0000)
            (-3.5972, 0.5308, -0.6159, 1.0000)>
MESH
Rock2_Icosphere.003
<Matrix 4x4 ( 1.0000, 0.0000,  0.0000, 0.0000)
            ( 0.0000, 1.0000, -0.0000, 0.0000)
            ( 0.0000, 0.0000,  1.0000, 0.0000)
            (-4.1029, 0.3417, -3.2673, 1.0000)>
MESH
Rock_Icosphere.004
<Matrix 4x4 ( 0.1773, 0.0000,  0.9842, 0.0000)
            ( 0.0000, 1.0000, -0.0000, 0.0000)
            (-0.9842, 0.0000,  0.1773, 0.0000)
            ( 1.2048, 0.3914,  1.9118, 1.0000)>
MESH
Candelabrum_tall_Cylinder.010
<Matrix 4x4 (1.0000, 0.0000,  0.0000, 0.0000)
            (0.0000, 1.0000, -0.0000, 0.0000)
            (0.0000, 0.0000,  1.0000, 0.0000)
            (2.5971, 0.3497,  2.5584, 1.0000)>
MESH
Potion2_Cylinder.000
<Matrix 4x4 ( 0.7500, 0.0000,  0.0000, 0.0000)
            ( 0.0000, 0.7500, -0.0000, 0.0000)
            ( 0.0000, 0.0000,  0.7500, 0.0000)
            (-3.6418, 0.3640,  3.2572, 1.0000)>
MESH
Potion_Cylinder.012
<Matrix 4x4 ( 0.7500, 0.0000,  0.0000, 0.0000)
            ( 0.0000, 0.7500, -0.0000, 0.0000)
            ( 0.0000, 0.0000,  0.7500, 0.0000)
            (-4.0242, 0.3737,  3.2208, 1.0000)>
MESH
Rock5_Icosphere.001
<Matrix 4x4 ( 1.0000, 0.0000,  0.0000, 0.0000)
            ( 0.0000, 1.0000, -0.0000, 0.0000)
            ( 0.0000, 0.0000,  1.0000, 0.0000)
            (-4.2302, 0.3338, -1.9018, 1.0000)>
MESH
Barrel_Cylinder.000
<Matrix 4x4 ( 1.0000, 0.0000,  0.0000, 0.0000)
            ( 0.0000, 1.0000, -0.0000, 0.0000)
            ( 0.0000, 0.0000,  1.0000, 0.0000)
            (-2.1752, 0.4396,  3.2221, 1.0000)>
MESH
BonePile_Cylinder.003
<Matrix 4x4 ( 0.7536, 0.0000,  0.6573, 0.0000)
            ( 0.0000, 1.0000, -0.0000, 0.0000)
            (-0.6573, 0.0000,  0.7536, 0.0000)
            (-2.1983, 0.3555, -2.2492, 1.0000)>
MESH
Book_Open_Cube.001
<Matrix 4x4 (-0.2756, 0.0000,  0.4172, 0.0000)
            ( 0.0000, 0.5000,  0.0000, 0.0000)
            (-0.4172, 0.0000, -0.2756, 0.0000)
            (-2.1708, 1.5835,  3.1815, 1.0000)>
